6.2552,11.674
6.4092,10.038
6.6935,10.987
6.7878,10.195
7.3272,10.908
7.3905,11.906
7.4062,10.603
7.4829,9.3418
7.517,7.7168
7.5259,9.8854
7.6016,11.617
7.6892,10.892
7.7164,10.44
7.7405,10.976
7.7893,10.162
7.82,9.5075
7.826,9.7661
7.8562,10.336
7.8709,10.258
7.8871,9.5262
7.9002,9.8473
7.9046,9.8407
7.9148,10.594
7.9186,10.823
7.9245,9.8556
7.9407,8.3725
7.9409,9.8375
7.9822,11.135
7.9954,9.4297
8.0477,9.3572
8.0682,8.5881
8.0779,9.4904
8.0882,10.254
8.0937,11.567
8.1059,8.8325
8.109,10.031
8.1219,10.428
8.1421,9.6371
8.1662,12.929
8.1683,11.098
8.1772,9.5304
8.1783,9.6394
8.1814,9.6632
8.2003,9.6054
8.2018,10.282
8.2198,11.858
8.2325,10.473
8.2357,9.9024
8.2413,10.047
8.2418,11.751
8.2487,10.915
8.2489,8.7351
8.2531,10.058
8.3001,9.2621
8.3096,9.5882
8.3261,12.063
8.3378,10.931
8.3409,10.029
8.3493,10.889
8.3574,9.0684
8.3608,8.6669
8.3635,11.381
8.3639,9.5853
8.3718,9.7711
8.3735,8.593
8.3755,8.7578
8.377,10.591
8.3825,10.588
8.3935,9.4437
8.4009,10.529
8.4202,12.439
8.4242,8.9429
8.4252,11.351
8.428,9.9937
8.4374,11.18
8.4433,10.322
8.4586,9.4246
8.4695,10.698
8.4746,10.343
8.4925,9.6662
8.4977,8.4236
8.4982,9.769
8.4993,9.7473
8.5,11.209
8.5014,10.972
8.5015,11.623
8.5156,9.7865
8.5253,8.6461
8.5403,11.172
8.5429,11.929
8.5562,9.2886
8.5649,9.7399
8.5696,7.6247
8.5699,10.162
8.5902,8.7278
8.5992,10.16
8.6075,10.712
8.6115,10.852
8.6169,9.0627
8.6345,10.323
8.6434,9.3702
8.6466,10.894
8.6542,9.0231
8.6678,10.394
8.675,10.203
8.6766,9.2503
8.6843,9.9367
8.6895,10.608
8.6991,9.9975
8.7002,9.8493
8.7199,9.2863
8.7203,10.83
8.7226,8.9718
8.7254,10.121
8.7258,9.8093
8.7284,8.7018
8.7319,10.822
8.7411,9.2555
8.7557,9.6571
8.7564,9.8367
8.7635,9.7074
8.7679,8.6483
8.7725,10.8
8.7746,11.65
8.7813,10.689
8.8022,9.8964
8.8054,8.3648
8.8059,10.406
8.8325,8.7199
8.8325,10.653
8.8335,10.297
8.8386,10.808
8.8402,10.992
8.8428,10.747
8.8469,9.0284
8.8525,10.256
8.8598,8.2743
8.862,9.7323
8.8664,9.1723
8.869,10.512
8.8734,11.067
8.8735,10.44
8.8749,9.7215
8.8807,11.162
8.8819,10.394
8.884,10.524
8.8854,9.1169
8.8899,10.58
8.8944,8.6283
8.9055,9.8515
8.9072,11.186
8.9118,10.081
8.92,9.7544
8.9281,9.3758
8.9303,9.8767
8.9313,9.613
8.9385,8.7249
8.9396,10.277
8.9399,10.23
8.9453,9.7674
8.9483,11.681
8.949,8.1982
8.952,10.463
8.9621,9.7313
8.9624,10.716
8.973,10.176
8.9793,9.3421
8.9811,9.3467
8.983,10.09
8.9866,9.4221
8.9893,11.069
8.99,9.529
8.993,8.8686
8.9938,8.5748
9.0026,10.181
9.0031,9.4901
9.0073,9.9074
9.0135,11.26
9.0177,10.161
9.0188,10.768
9.022,9.6498
9.0221,10.963
9.0238,9.3824
9.0264,9.5871
9.0273,9.9819
9.032,11.278
9.0343,9.3482
9.0374,8.8091
9.0447,11.66
9.0517,10.103
9.0556,9.4137
9.0571,10.967
9.067,9.9691
9.0734,9.0912
9.0778,11.647
9.0802,9.4623
9.0808,10.097
9.0837,11.938
9.0838,9.3995
9.0857,12.005
9.0889,11.155
9.0894,9.8797
9.0933,11.014
9.0955,8.8514
9.1005,9.9513
9.1052,9.8405
9.1071,8.6683
9.1083,10.035
9.1129,9.1072
9.1146,10.386
9.1177,11.144
9.1227,10.036
9.1254,9.3773
9.1259,11.338
9.1343,9.7609
9.1346,10.35
9.1351,9.2885
9.138,9.6366
9.1389,10.775
9.1401,7.9035
9.1403,11.061
9.1411,9.6173
9.1428,10.286
9.1431,9.5628
9.1433,9.9961
9.1436,9.3116
9.1438,11.029
9.1531,10.159
9.1629,9.3209
9.163,9.294
9.1683,10.053
9.1687,9.2619
9.1691,9.7035
9.1698,10.386
9.1726,9.8483
9.1733,9.2891
9.1733,10.072
9.1762,10.805
9.177,10.096
9.1771,10.04
9.1832,8.3766
9.1869,10.64
9.1914,8.5272
9.1917,9.7149
9.1952,9.3938
9.1983,10.714
9.1991,10.258
9.217,10.739
9.2197,9.5349
9.2205,8.9956
9.2224,8.586
9.2232,9.0466
9.2245,10.74
9.2245,9.0574
9.2257,8.9149
9.2271,10.439
9.2271,9.0664
9.2329,10.716
9.2349,9.7526
9.243,10.894
9.2465,9.7127
9.2505,10.096
9.2508,9.3536
9.2554,10.809
9.2579,10.521
9.2683,10.525
9.2722,10.267
9.2735,11.75
9.2739,10.737
9.2775,9.5846
9.2782,10.941
9.2784,10.801
9.2964,10.727
9.2998,10.744
9.3053,10.664
9.3069,10.79
9.3069,9.7312
9.3136,9.9346
9.3136,9.88
9.315,10.981
9.3181,11.106
9.3323,11.684
9.347,12.083
9.3514,10.068
9.3524,10.626
9.3551,9.5045
9.3568,10.513
9.3574,10.065
9.3614,10.031
9.3658,10.291
9.3733,8.8904
9.3753,8.6254
9.3762,10.654
9.3778,10.113
9.3781,10.419
9.3784,11.389
9.3811,10.929
9.3829,10.969
9.3863,11.277
9.3864,11.271
9.3871,10.047
9.3877,9.0498
9.388,9.0313
9.3969,9.381
9.3988,11.106
9.3994,8.8127
9.4026,9.8928
9.411,9.8011
9.4163,10.241
9.4247,11.45
9.4296,8.7948
9.4301,10.253
9.4301,10.468
9.4318,11.811
9.4371,9.5925
9.4431,8.6172
9.4473,10.442
9.4516,10.033
9.4524,10.677
9.4529,10.84
9.4564,11.116
9.4603,10.384
9.4614,9.1345
9.4615,10.05
9.462,9.8055
9.4626,10.304
9.4628,8.5681
9.467,8.7038
9.4675,10.391
9.4679,9.9957
9.4741,8.9775
9.4744,9.7533
9.4751,9.473
9.4837,10.376
9.4851,9.1916
9.4853,10.592
9.488,11.004
9.4889,8.2845
9.4947,10.362
9.4976,9.384
9.5002,10.565
9.5052,9.0503
9.5106,10.98
9.5134,9.5794
9.5153,8.3275
9.5154,9.5843
9.5154,9.4067
9.5192,9.8173
9.5193,9.2805
9.5309,11.765
9.5338,8.7847
9.5349,11.384
9.5361,10.219
9.5417,8.6953
9.5422,9.5776
9.5428,10.846
9.5442,11.69
9.5447,10.557
9.5526,9.3568
9.56,10.687
9.5707,10.15
9.5712,11.623
9.5713,10.603
9.5736,9.944
9.5776,9.4629
9.5797,11.665
9.5822,9.7966
9.5864,9.7105
9.5868,9.5303
9.589,8.4295
9.5914,12.026
9.5914,11.132
9.6009,11.058
9.6057,9.8505
9.6104,10.387
9.6127,9.9024
9.6129,9.4639
9.615,10.033
9.6164,10.956
9.6177,10.032
9.6184,9.8559
9.6206,8.7065
9.6236,8.8928
9.6243,10.079
9.6247,9.1039
9.6264,10.594
9.6271,9.2118
9.6324,9.8289
9.6325,11.298
9.6338,8.1509
9.6361,10.666
9.6449,9.4325
9.6529,10.807
9.6558,9.9349
9.6591,9.2434
9.6614,12
9.662,10.713
9.6745,8.6995
9.6749,9.1659
9.6768,9.5798
9.6786,9.8741
9.6805,10.362
9.6811,9.7622
9.6832,10.779
9.684,10.614
9.6856,11.256
9.6879,10.289
9.6885,9.3362
9.6907,9.1235
9.6915,8.4429
9.6948,11.429
9.6966,10.838
9.6971,10.493
9.6985,11.192
9.7053,13.216
9.7076,10.639
9.7101,7.8139
9.712,9.5851
9.716,11.114
9.72,11.042
9.7209,10.726
9.722,10.106
9.7224,10.542
9.7232,8.2678
9.7244,12.039
9.7248,9.3105
9.7262,9.6728
9.7275,10.657
9.7285,10.966
9.7286,10.389
9.7294,9.1789
9.7309,10.879
9.7355,10.371
9.7412,10.212
9.7495,10.871
9.7581,8.9197
9.7592,10.358
9.7617,9.1647
9.7639,8.9852
9.7647,10.391
9.7698,9.9471
9.7777,11.553
9.7796,9.426
9.7844,10.421
9.7852,9.4994
9.7858,10.142
9.7898,8.8332
9.796,9.9484
9.7962,9.5974
9.7966,10.565
9.7985,9.7014
9.8053,8.8443
9.8108,10.346
9.8121,10.925
9.8127,9.413
9.8137,11.723
9.8158,12.083
9.8165,9.2751
9.8191,10.758
9.824,12.226
9.8287,11.496
9.8318,11.904
9.8365,8.6795
9.8366,9.671
9.8369,10.347
9.8484,10.828
9.8513,10.737
9.8527,9.4804
9.854,9.7087
9.8642,9.4145
9.8665,9.5401
9.8666,8.6243
9.8679,10.205
9.8745,9.0563
9.8749,9.0388
9.8799,9.171
9.8812,11.608
9.8822,8.181
9.8832,11.405
9.8906,10.301
9.891,8.7988
9.8937,10.091
9.8945,11.061
9.8956,10.406
9.8972,10.848
9.8976,9.0598
9.9008,9.5199
9.9088,10.913
9.9091,10.647
9.9114,9.6702
9.9159,8.4807
9.916,7.7982
9.917,9.1047
9.9196,9.8165
9.9205,10.935
9.9207,10.99
9.9231,10.549
9.9248,9.6485
9.9251,9.5301
9.9258,8.8001
9.9272,10.202
9.9317,9.813
9.9336,10.182
9.9361,10.869
9.9392,8.2288
9.9396,10.423
9.9406,9.9704
9.9416,9.3493
9.9447,10.282
9.9476,11.448
9.9616,8.9335
9.9623,8.8044
9.9644,8.2409
9.9679,10.523
9.9692,10.974
9.97,9.9419
9.9701,9.1965
9.9707,10.633
9.9732,8.1326
9.9732,9.7942
9.9734,9.0283
9.979,9.5102
9.9875,9.157
9.9893,9.0398
9.9901,11.849
9.9906,12.301
9.991,8.8912
9.9955,9.614
9.9974,9.803
9.9997,8.8705
10.002,9.8519
10.002,10.929
10.006,10.84
10.01,9.0814
10.013,9.4825
10.016,11.093
10.017,9.4516
10.018,8.0394
10.018,10.548
10.018,10.428
10.027,10.302
10.033,9.3826
10.035,11.835
10.038,9.6936
10.039,11.457
10.039,10.702
10.04,11.003
10.042,11.847
10.047,10.324
10.048,9.2785
10.056,11.533
10.057,9.7749
10.058,10.733
10.068,9.0232
10.07,8.4016
10.07,10.367
10.075,9.5376
10.075,9.5252
10.076,9.883
10.076,8.5699
10.081,9.3132
10.081,11.053
10.091,10.49
10.091,12.995
10.093,10.579
10.095,11.077
10.106,10.257
10.108,9.2791
10.116,9.8825
10.116,9.5413
10.12,10.557
10.12,10.325
10.122,7.9368
10.127,9.2624
10.132,11.809
10.132,9.1185
10.135,7.9254
10.136,7.8332
10.137,10.755
10.138,9.233
10.144,12.242
10.147,9.9805
10.149,11.04
10.151,10.956
10.153,10.794
10.154,8.802
10.158,10.019
10.163,9.8167
10.163,10.048
10.177,12.103
10.18,11.015
10.182,9.021
10.183,11.736
10.19,8.9333
10.193,7.7654
10.193,10.728
10.196,11.52
10.199,11.416
10.202,9.5097
10.205,9.349
10.206,9.1334
10.209,11.56
10.212,11.176
10.212,9.4786
10.212,10.22
10.214,10.597
10.214,10.438
10.216,8.6061
10.216,9.8793
10.218,10.111
10.221,10.076
10.224,10.876
10.224,12.247
10.228,10.058
10.228,11.012
10.235,9.1524
10.238,9.787
10.239,10.135
10.245,10.261
10.246,10.39
10.247,7.5145
10.251,11.01
10.254,9.6331
10.264,7.972
10.266,9.7518
10.266,10.897
10.267,9.9884
10.27,8.0654
10.279,9.1799
10.279,10.42
10.28,11.639
10.282,9.5005
10.285,10.383
10.288,11.69
10.299,9.3772
10.299,9.5467
10.3,9.8605
10.304,10.696
10.305,9.523
10.306,8.9642
10.308,10.339
10.31,9.2774
10.315,10.436
10.316,9.9522
10.316,10.249
10.317,8.6425
10.318,10.101
10.322,10.461
10.324,9.7491
10.327,9.7519
10.327,9.6068
10.327,8.9884
10.328,9.9244
10.33,7.6963
10.337,9.1953
10.338,9.9596
10.346,9.7428
10.346,10.944
10.348,9.1432
10.35,11.071
10.359,8.7866
10.36,9.5935
10.363,9.3567
10.366,8.5469
10.367,9.8121
10.368,11.067
10.369,8.0666
10.373,10.223
10.386,12.297
10.386,9.4317
10.386,10.93
10.387,12.739
10.393,11.434
10.405,10.406
10.407,9.2515
10.41,10.067
10.415,9.9552
10.419,11.216
10.419,10.315
10.42,9.2882
10.423,9.8442
10.424,9.8318
10.425,9.7179
10.428,9.722
10.431,10.425
10.433,8.8315
10.433,9.9368
10.437,8.6229
10.441,9.8009
10.443,9.7907
10.444,8.5929
10.445,10.778
10.446,10.241
10.447,10.675
10.453,10.485
10.454,8.6088
10.455,10.543
10.458,9.9177
10.463,10.378
10.47,10.756
10.477,8.762
10.481,10.93
10.484,8.7218
10.488,10.206
10.489,9.5934
10.49,10.854
10.496,8.3102
10.503,10.423
10.507,9.7888
10.512,11.09
10.523,9.5699
10.537,10.739
10.539,10.036
10.539,10.449
10.54,8.2092
10.549,11.169
10.55,11.212
10.553,9.8291
10.555,9.207
10.56,10.171
10.565,8.1198
10.572,10.258
10.573,10.298
10.58,10.369
10.581,9.2926
10.583,10.254
10.59,9.1234
10.594,11.604
10.598,10.264
10.599,11.913
10.599,10.187
10.6,10.785
10.601,8.734
10.611,9.6609
10.611,8.3826
10.615,9.5161
10.618,10.651
10.619,10.899
10.623,9.5515
10.624,10.37
10.624,9.1911
10.626,9.1486
10.626,9.4002
10.628,12.218
10.634,10.181
10.638,9.0257
10.638,11.832
10.64,10.173
10.641,10.49
10.646,11.144
10.647,10.43
10.649,9.682
10.651,10.059
10.657,9.1902
10.658,8.0367
10.662,9.0123
10.675,9.8705
10.679,10.478
10.683,9.1367
10.684,9.2283
10.686,11.611
10.688,11.049
10.689,9.0469
10.689,10.709
10.692,9.9041
10.693,9.0404
10.71,8.908
10.712,9.1322
10.721,9.9884
10.726,9.0427
10.734,9.3167
10.736,7.6552
10.737,10.239
10.737,10.463
10.75,10.11
10.75,10.569
10.754,9.7689
10.761,11.013
10.763,8.672
10.767,9.8605
10.768,10.945
10.772,9.4469
10.777,8.2717
10.779,9.543
10.787,8.4862
10.797,9.9847
10.798,11.521
10.802,9.7991
10.806,11.021
10.808,9.1263
10.814,9.0847
10.825,10.936
10.825,10.772
10.833,9.3531
10.839,10.437
10.839,11.403
10.84,9.8187
10.84,9.2396
10.846,10.925
10.848,9.7927
10.852,11.372
10.853,11.009
10.865,8.9858
10.868,11.878
10.869,9.2126
10.879,9.4765
10.882,10.558
10.885,10.279
10.886,8.3975
10.888,10.213
10.897,8.7651
10.898,10.085
10.898,10.152
10.9,11.205
10.902,9.158
10.904,10.457
10.905,8.4931
10.908,8.5472
10.92,12.093
10.935,9.2333
10.936,9.7442
10.941,10.397
10.954,9.3007
10.956,11.309
10.962,10.791
10.964,9.1804
10.966,10.061
10.968,9.764
10.969,10.552
10.97,11.801
10.973,11.279
10.975,10.624
10.975,9.3012
10.977,8.0886
10.979,8.7627
10.98,9.2945
10.992,9.1852
10.997,10.725
10.998,9.0283
11.001,10.995
11.006,10.208
11.006,12.183
11.009,11.228
11.012,9.3041
11.015,9.0576
11.017,9.4831
11.018,10.106
11.022,8.9857
11.022,11.075
11.025,9.8163
11.033,10.675
11.034,10.288
11.034,10.889
11.038,9.2115
11.043,11.529
11.047,9.4645
11.048,8.5125
11.05,8.8252
11.051,8.7388
11.052,9.6261
11.052,10.24
11.061,9.5783
11.063,9.1948
11.073,10.919
11.076,11.254
11.076,10.634
11.084,9.8309
11.085,10.065
11.085,8.376
11.087,8.8856
11.094,9.7306
11.102,10.538
11.103,10.842
11.109,9.6793
11.122,11.079
11.124,11.338
11.125,10.355
11.128,10.574
11.129,9.0635
11.132,9.0204
11.133,11.505
11.134,11.311
11.163,9.7198
11.166,10.155
11.167,9.2182
11.179,7.6973
11.186,9.2538
11.19,9.2086
11.19,10.156
11.2,10.083
11.201,9.7116
11.214,9.6446
11.228,11.483
11.237,8.5701
11.247,9.7916
11.252,9.1676
11.259,8.222
11.269,8.9999
11.27,9.565
11.276,7.4062
11.28,10.083
11.284,11.079
11.293,10.839
11.296,9.2899
11.3,11.04
11.304,8.6856
11.311,9.4674
11.32,9.5135
11.324,8.9089
11.333,8.7598
11.337,9.4756
11.342,9.492
11.355,10.856
11.363,10.323
11.367,9.4269
11.386,11.351
11.391,11.649
11.393,8.3968
11.395,11.102
11.404,10.194
11.41,10.586
11.411,9.4864
11.417,11.695
11.426,10.577
11.437,10.252
11.441,8.8532
11.451,9.7429
11.456,8.6684
11.484,10.279
11.485,11.064
11.493,9.081
11.503,10.417
11.509,10.799
11.521,11.087
11.527,9.8724
11.55,10.805
11.554,10.246
11.567,10.185
11.57,9.7503
11.607,7.3223
11.617,10.68
11.635,10.543
11.653,10.32
11.677,12.727
11.694,8.7081
11.708,9.4893
11.72,11.349
11.726,10.371
11.731,10.228
11.739,8.6082
11.739,9.5366
11.741,9.327
11.762,10.162
11.764,9.1886
11.781,10.737
11.804,10.467
11.804,12.153
11.813,11.487
11.83,8.6613
11.838,11.119
11.846,9.4348
11.855,9.9997
11.863,10.778
11.865,9.8369
11.871,10.581
11.915,9.299
11.946,9.9047
11.952,9.3665
11.969,11.869
11.984,9.8049
11.996,9.1416
11.997,9.4909
12.005,10.657
12.014,9.2445
12.031,10.102
12.032,10.453
12.056,9.7738
12.056,9.1892
12.057,7.8016
12.076,9.4838
12.088,10.796
12.1,9.2313
12.13,9.4302
12.15,9.0463
12.219,10.64
12.251,8.4213
12.262,10.746
12.265,9.7926
12.266,11.342
12.287,11.125
12.367,9.7419
12.375,11.744
12.383,10.683
12.423,11.369
12.436,10.174
12.439,10.473
12.483,10.565
12.517,9.5564
12.645,10.791
12.802,9.7238
6.9816,-9.3652
6.9997,-9.1232
7.0953,-9.798
7.1276,-9.0241
7.3696,-9.1653
7.4595,-11.136
7.4948,-11.477
7.5136,-9.8856
7.5254,-8.7848
7.5578,-11.411
7.6113,-10.3
7.6303,-8.4531
7.6372,-9.5954
7.6765,-9.253
7.6801,-8.5156
7.7093,-9.3473
7.733,-9.9934
7.7438,-8.234
7.81,-9.9137
7.8695,-9.3847
7.8769,-10.193
7.889,-9.8967
7.9127,-9.4348
7.9259,-9.5188
7.9642,-9.9136
7.9678,-7.6482
8.0011,-10.042
8.0261,-10.452
8.0329,-9.7642
8.0441,-9.2556
8.0474,-9.5738
8.0505,-8.9324
8.0512,-10.552
8.1127,-9.5722
8.1152,-9.8056
8.1161,-10.788
8.1277,-9.1856
8.1449,-10.905
8.1492,-8.6047
8.1561,-9.1244
8.1661,-11.232
8.1921,-9.1729
8.1969,-9.9264
8.226,-10.928
8.23,-10.492
8.2346,-11.649
8.2498,-10.778
8.2802,-11.653
8.2823,-11.11
8.3034,-9.6463
8.306,-8.689
8.3454,-9.3341
8.3865,-8.3343
8.3971,-10.87
8.4035,-9.773
8.4261,-10.682
8.4296,-9.5913
8.445,-9.163
8.45,-8.6286
8.4507,-9.8193
8.4528,-11.003
8.4738,-10.328
8.4954,-10.39
8.502,-10.643
8.5131,-10.273
8.5168,-10.085
8.5226,-9.4498
8.528,-11.173
8.5351,-10.716
8.5356,-9.2074
8.5363,-11.515
8.5526,-9.022
8.5587,-9.3271
8.5603,-9.7785
8.5638,-9.7297
8.6009,-10.452
8.6083,-11.073
8.6177,-9.6619
8.621,-10.013
8.6214,-9.8896
8.627,-9.8239
8.6356,-8.7362
8.6375,-10.087
8.6471,-9.2139
8.6551,-9.9645
8.6589,-10.8
8.6595,-9.5736
8.6716,-8.7849
8.6746,-7.522
8.677,-10.725
8.6778,-9.785
8.681,-10.419
8.6846,-8.3244
8.6889,-10.449
8.6978,-11.317
8.6981,-10.928
8.6982,-10.476
8.7066,-9.9329
8.7077,-9.2015
8.7099,-10.726
8.7103,-9.6168
8.7111,-10.281
8.7211,-10.934
8.7217,-7.7481
8.7253,-10.855
8.7285,-10.161
8.7347,-8.354
8.7535,-10.345
8.7613,-9.5023
8.7769,-10.567
8.7828,-8.9127
8.7828,-10.381
8.7877,-8.7849
8.7933,-10.346
8.7942,-9.6693
8.806,-9.3051
8.8153,-10.309
8.8183,-9.9358
8.8207,-8.7113
8.8212,-11.605
8.8229,-9.1034
8.8351,-9.7807
8.84,-11.095
8.8403,-11.498
8.8439,-10.757
8.8494,-11.992
8.8512,-8.9619
8.8518,-8.6311
8.8654,-11.384
8.8684,-10.263
8.8761,-10.207
8.8894,-10.023
8.8911,-8.1431
8.8929,-8.7887
8.8945,-10.692
8.8989,-9.7656
8.9016,-8.8797
8.9016,-11.138
8.9017,-10.842
8.9028,-8.6395
8.9042,-10.688
8.9051,-11.742
8.9087,-9.8185
8.9132,-12.016
8.9198,-10.592
8.9207,-9.6693
8.9213,-9.7919
8.9268,-11.528
8.9398,-10.152
8.9424,-9.8467
8.9425,-9.8165
8.9471,-9.598
8.9521,-10.796
8.9524,-10.674
8.9568,-10.525
8.9605,-9.1216
8.9651,-11.393
8.9774,-11.534
8.9796,-9.3449
8.9937,-10.821
8.9942,-8.8899
9.0007,-11.126
9.0011,-9.3864
9.0042,-10.661
9.0072,-10.523
9.018,-9.442
9.025,-10.57
9.0315,-11.377
9.0421,-9.0291
9.0473,-9.9748
9.0482,-11.627
9.0623,-10.205
9.0631,-9.8373
9.0634,-9.3025
9.0659,-11.22
9.069,-9.346
9.0781,-9.8591
9.0807,-9.7728
9.0809,-10.515
9.0839,-9.963
9.0848,-9.7699
9.0873,-10.466
9.0905,-10.559
9.0997,-9.778
9.1084,-10.044
9.1101,-10.044
9.1102,-10.653
9.1163,-12.523
9.1189,-9.9139
9.1284,-10.525
9.1305,-9.9167
9.1307,-8.3788
9.1361,-10.929
9.1397,-11.112
9.141,-10.778
9.1439,-9.5821
9.1493,-11.162
9.15,-7.8852
9.1611,-10.699
9.1701,-10.546
9.1738,-10.116
9.1833,-11.046
9.1849,-9.9465
9.1869,-8.5266
9.1885,-8.0786
9.197,-10.438
9.197,-10.018
9.1991,-9.9878
9.2012,-10.787
9.2032,-7.6441
9.2067,-11.638
9.2161,-11.038
9.2165,-10.712
9.2191,-11.49
9.2239,-10.116
9.2314,-8.4417
9.2323,-10.659
9.2355,-10.326
9.2413,-9.0867
9.2424,-9.6216
9.245,-10.645
9.2457,-9.6602
9.2535,-11.154
9.2537,-10.584
9.2554,-10.87
9.2572,-9.6375
9.2614,-10.378
9.2731,-9.3322
9.276,-9.702
9.2764,-9.2347
9.2772,-8.9219
9.2842,-11.394
9.2916,-10.893
9.2948,-10.614
9.3004,-9.3301
9.3017,-10.293
9.3021,-8.6202
9.3036,-10.091
9.3041,-9.5587
9.3085,-10.383
9.3145,-10.056
9.3173,-9.4997
9.3213,-9.7006
9.3257,-10.133
9.3304,-8.2778
9.3305,-10.273
9.3327,-10.557
9.3333,-9.7598
9.3342,-10.124
9.3361,-11.708
9.3386,-9.8546
9.3403,-8.8633
9.344,-12.121
9.3457,-8.9598
9.3505,-10.39
9.3513,-12.478
9.3554,-9.3216
9.3562,-9.8909
9.3572,-10.813
9.3587,-8.0807
9.3591,-7.7223
9.3646,-10.106
9.3671,-11.311
9.3702,-10.2
9.3739,-10.243
9.3757,-10.187
9.3774,-7.3641
9.3812,-10.01
9.3879,-10.987
9.4102,-10.962
9.4104,-9.9877
9.4112,-10.25
9.4156,-8.773
9.4159,-9.4811
9.4159,-11.086
9.419,-8.6338
9.4252,-7.5868
9.4279,-8.8057
9.4337,-11.738
9.4343,-9.7545
9.4352,-8.3568
9.4395,-8.4674
9.4411,-9.7213
9.4417,-9.9834
9.4425,-10.13
9.4461,-9.5558
9.45,-10.324
9.4569,-8.838
9.4642,-10.456
9.4642,-11.182
9.4654,-9.229
9.4673,-9.7038
9.4685,-11.126
9.4758,-9.5217
9.4779,-10.772
9.4825,-11.232
9.4831,-10.762
9.4883,-11.458
9.4904,-9.9828
9.5001,-9.1962
9.5018,-10.153
9.5034,-8.9165
9.5116,-10.988
9.5143,-9.687
9.5179,-9.3228
9.523,-10.894
9.5234,-10.575
9.5251,-10.181
9.5291,-8.8186
9.5309,-10.203
9.5362,-10.199
9.5391,-9.895
9.5397,-11.024
9.5416,-11.563
9.5474,-9.3226
9.551,-9.958
9.5512,-10.128
9.5517,-8.2957
9.5581,-8.6691
9.5599,-9.9265
9.5654,-10.967
9.5658,-9.677
9.5662,-9.5364
9.5671,-11.097
9.572,-10.323
9.5726,-10.862
9.5727,-9.9015
9.5728,-11.423
9.5751,-11.909
9.5753,-9.4858
9.5824,-10.217
9.5881,-9.921
9.5914,-10.304
9.5926,-7.7942
9.5942,-8.9294
9.5944,-11.282
9.5973,-10.622
9.5996,-10.004
9.5996,-8.8042
9.6027,-9.0261
9.6086,-8.1408
9.6125,-10.771
9.6169,-8.8325
9.618,-10.003
9.6207,-11.965
9.6214,-10.92
9.6265,-11.634
9.6346,-10.399
9.6353,-9.8655
9.6396,-9.2316
9.6443,-9.506
9.6451,-9.2523
9.6469,-11.054
9.6535,-10.08
9.6551,-7.1592
9.6587,-10.178
9.659,-10.032
9.6624,-10.625
9.6637,-9.252
9.6644,-10.415
9.6652,-8.601
9.6696,-10.733
9.6708,-9.8917
9.6723,-10.153
9.6727,-9.7687
9.6768,-11.357
9.6781,-12.167
9.6798,-10.001
9.6805,-10.335
9.6817,-11.434
9.6919,-9.7037
9.6936,-11.344
9.6936,-7.7908
9.6943,-9.8573
9.6953,-8.4395
9.6991,-10.702
9.7016,-9.5683
9.7047,-9.4792
9.7067,-9.4012
9.7115,-10.967
9.7139,-11.051
9.7158,-10.137
9.7175,-9.8634
9.7177,-10.32
9.7178,-12.503
9.72,-10.239
9.7223,-8.8016
9.7234,-10.569
9.7241,-10.677
9.7252,-10.143
9.7281,-11.26
9.7317,-10.575
9.7333,-8.5012
9.7423,-10.085
9.7518,-12.399
9.7533,-10.624
9.7596,-10.202
9.7627,-9.1406
9.7638,-8.3752
9.7654,-8.3201
9.7704,-9.8943
9.7713,-10.447
9.7745,-9.6845
9.7754,-9.6237
9.7767,-9.4221
9.7774,-10.546
9.7785,-8.4229
9.7797,-9.219
9.7808,-12.204
9.7812,-11.138
9.7826,-10.691
9.7886,-8.6586
9.7897,-10.948
9.79,-9.6
9.7926,-9.3242
9.793,-10.555
9.7931,-10.044
9.7946,-10.843
9.7992,-9.4013
9.7997,-8.6758
9.804,-8.8614
9.8053,-10.091
9.8056,-8.4537
9.8069,-9.3088
9.809,-10.16
9.8207,-10.536
9.825,-10.24
9.8251,-9.7855
9.8252,-9.6431
9.8275,-8.4976
9.8285,-9.4539
9.8301,-9.7485
9.834,-10.223
9.8434,-10.694
9.8436,-10.175
9.8467,-11.749
9.8482,-11.178
9.8528,-10.866
9.855,-10.646
9.8592,-9.21
9.8603,-12.49
9.8621,-9.173
9.8628,-9.1024
9.8634,-8.7958
9.8641,-10.313
9.8667,-11.38
9.8672,-9.1229
9.8686,-8.8127
9.8691,-10.278
9.8741,-11.601
9.8884,-8.3923
9.8897,-9.6253
9.8912,-8.5709
9.8936,-11.902
9.894,-10.528
9.895,-11.325
9.8965,-10.045
9.8966,-10.262
9.8973,-9.2086
9.8976,-10.401
9.9006,-9.5802
9.9008,-9.4115
9.9113,-9.8639
9.9119,-10.346
9.913,-11.228
9.9153,-9.5741
9.9169,-9.4781
9.9176,-9.9131
9.9331,-10.909
9.9356,-12.312
9.9365,-10.572
9.9369,-9.8064
9.9415,-9.1948
9.9451,-10.77
9.9491,-10.328
9.9502,-10.581
9.9505,-11.724
9.955,-11.32
9.9653,-8.934
9.9659,-9.1986
9.966,-10.008
9.9685,-8.631
9.9692,-9.6885
9.9708,-9.4872
9.9726,-9.8476
9.9749,-9.4058
9.9749,-9.7947
9.9795,-11.392
9.9832,-10.261
9.9849,-8.7366
9.9851,-10.685
9.9877,-10.645
9.988,-10.316
9.9938,-10.264
9.9945,-10.102
9.9961,-9.6463
9.9964,-11.333
9.9968,-9.8065
9.9983,-9.6449
9.9988,-9.4246
10.001,-10.841
10.001,-8.5542
10.005,-8.9854
10.007,-9.2037
10.01,-6.6104
10.013,-9.564
10.017,-10.188
10.019,-9.9159
10.019,-11.024
10.024,-10.589
10.025,-11.972
10.027,-10.685
10.027,-10.951
10.034,-9.3262
10.038,-8.5157
10.049,-10.067
10.052,-10.36
10.054,-9.8362
10.055,-10.787
10.061,-9.6962
10.061,-11.047
10.069,-10.66
10.072,-9.8041
10.08,-9.4774
10.081,-9.4258
10.087,-9.5498
10.087,-8.5608
10.088,-11.624
10.092,-10.911
10.092,-10.206
10.1,-9.4078
10.105,-10.326
10.106,-10.93
10.107,-9.8685
10.109,-9.322
10.109,-8.4541
10.11,-10.795
10.115,-7.8542
10.115,-11.144
10.116,-9.9197
10.117,-10.411
10.118,-8.4793
10.119,-10.109
10.121,-10.805
10.121,-12.34
10.125,-12.011
10.127,-9.5679
10.128,-8.4237
10.128,-10.625
10.131,-10.025
10.133,-6.8307
10.133,-9.3641
10.134,-9.4144
10.134,-9.4957
10.136,-9.9665
10.136,-10.054
10.139,-10.83
10.143,-9.3994
10.144,-10.494
10.145,-9.6753
10.148,-10.197
10.15,-9.4362
10.15,-10.062
10.153,-8.9643
10.154,-10.662
10.157,-9.939
10.158,-10.701
10.158,-9.5194
10.161,-10.481
10.165,-9.2387
10.173,-9.0493
10.18,-11.279
10.18,-9.8918
10.18,-8.8048
10.184,-11.132
10.186,-10.767
10.189,-10.471
10.189,-8.7919
10.191,-10.45
10.192,-10.614
10.193,-11.157
10.194,-11.698
10.196,-9.9693
10.197,-10.286
10.198,-9.137
10.199,-9.8425
10.2,-9.5945
10.211,-8.0512
10.213,-8.6813
10.217,-9.6952
10.218,-9.1855
10.218,-10.255
10.218,-9.4974
10.221,-10.085
10.221,-11.16
10.225,-8.1025
10.226,-10.325
10.229,-8.6048
10.231,-9.9223
10.232,-9.825
10.234,-10.77
10.235,-9.9362
10.235,-8.5245
10.241,-11.071
10.241,-11.335
10.247,-11.872
10.25,-8.7055
10.25,-7.198
10.252,-10.317
10.252,-9.4523
10.252,-9.7558
10.261,-10.007
10.261,-12.04
10.263,-10.427
10.263,-10.058
10.264,-8.9889
10.268,-10.314
10.278,-11.241
10.28,-9.979
10.282,-10.541
10.283,-10.042
10.285,-10.334
10.287,-10.327
10.296,-8.6009
10.296,-10.881
10.301,-10.233
10.304,-9.8046
10.304,-8.2062
10.305,-9.6919
10.31,-9.2599
10.311,-11.033
10.311,-9.5108
10.313,-9.0954
10.313,-11.459
10.315,-10.842
10.318,-7.3832
10.319,-10.96
10.32,-10.776
10.321,-9.471
10.324,-7.7005
10.327,-10.771
10.327,-10.72
10.33,-9.8696
10.338,-10.715
10.339,-8.7364
10.34,-9.4749
10.34,-11.046
10.343,-11.133
10.343,-8.8228
10.346,-9.3991
10.348,-9.3144
10.356,-10.66
10.362,-10.782
10.363,-10.676
10.367,-11.228
10.368,-11.071
10.369,-8.6219
10.369,-10.509
10.372,-9.2889
10.373,-8.5234
10.377,-10.054
10.378,-9.0751
10.387,-10.102
10.389,-9.9562
10.389,-10.114
10.398,-9.9832
10.398,-10.402
10.399,-12.191
10.403,-7.9891
10.407,-10.944
10.415,-10.677
10.417,-10.649
10.417,-10.64
10.42,-11.753
10.421,-9.767
10.427,-9.6869
10.431,-10.742
10.433,-12.106
10.435,-11.046
10.441,-9.7417
10.447,-9.7417
10.45,-9.8257
10.452,-9.5511
10.46,-10.021
10.464,-10.218
10.464,-9.1953
10.466,-10.094
10.472,-10.457
10.476,-9.4755
10.479,-9.4321
10.481,-10.033
10.483,-9.2031
10.486,-9.4372
10.493,-10.165
10.495,-9.9645
10.499,-10.044
10.5,-10.075
10.502,-9.8003
10.504,-10.925
10.51,-12.319
10.512,-9.2127
10.513,-10.384
10.513,-9.6755
10.515,-9.9128
10.518,-9.427
10.519,-9.8086
10.523,-9.0826
10.527,-8.3303
10.537,-11.62
10.546,-10.134
10.548,-10.146
10.551,-9.4163
10.552,-9.2829
10.554,-10.462
10.554,-11.362
10.554,-10.397
10.556,-11.04
10.558,-8.6483
10.561,-11.81
10.565,-8.208
10.572,-10.413
10.575,-10.64
10.581,-8.7925
10.59,-10.357
10.593,-9.0718
10.595,-9.6469
10.598,-9.1405
10.599,-11.241
10.6,-10.506
10.601,-9.7368
10.602,-10.966
10.613,-9.7297
10.617,-9.4316
10.624,-11.03
10.63,-9.5989
10.631,-11.227
10.632,-9.8067
10.638,-9.3811
10.641,-10.869
10.643,-9.827
10.657,-9.2478
10.66,-9.037
10.661,-11.065
10.662,-9.6995
10.662,-9.5026
10.664,-9.5752
10.668,-10.959
10.671,-11.915
10.689,-9.9763
10.693,-9.3404
10.694,-10.295
10.706,-7.4243
10.71,-10.678
10.712,-8.0316
10.718,-9.4834
10.72,-7.7387
10.72,-11.346
10.73,-10.086
10.731,-11.343
10.733,-8.2688
10.735,-9.8364
10.737,-11.298
10.739,-9.262
10.75,-10.227
10.753,-9.845
10.764,-11.285
10.768,-10.434
10.769,-12.197
10.771,-10.782
10.773,-11.347
10.773,-8.693
10.786,-11.186
10.789,-10.36
10.801,-9.0837
10.801,-10.443
10.804,-9.7516
10.812,-8.8356
10.82,-10.263
10.821,-9.348
10.827,-10.781
10.828,-8.8216
10.83,-8.1557
10.837,-10.477
10.837,-11.36
10.842,-9.5287
10.849,-9.6168
10.849,-10.396
10.851,-10.007
10.856,-9.097
10.86,-10.173
10.862,-8.5657
10.863,-10.273
10.864,-9.67
10.869,-9.7395
10.875,-8.7244
10.88,-11.208
10.88,-10.331
10.881,-10.247
10.883,-9.8677
10.887,-10.827
10.892,-9.3217
10.903,-11.945
10.909,-9.1205
10.91,-11.314
10.915,-10.783
10.915,-10.427
10.943,-10.281
10.949,-10.161
10.95,-10.602
10.953,-9.6615
10.954,-9.1418
10.958,-7.57
10.969,-9.9369
10.984,-9.7872
10.988,-10.342
10.989,-12.831
10.999,-12.054
10.999,-8.5124
11.008,-9.3315
11.013,-8.9794
11.015,-11.592
11.015,-10.599
11.02,-9.6175
11.022,-10.446
11.025,-9.0942
11.033,-9.7843
11.033,-10.669
11.034,-10.649
11.035,-8.8647
11.035,-10.15
11.035,-8.506
11.045,-9.3317
11.045,-10.39
11.054,-10.086
11.055,-9.5223
11.061,-10.647
11.065,-10.295
11.071,-10.527
11.071,-9.7143
11.073,-11.081
11.081,-9.3842
11.082,-9.5549
11.088,-9.5301
11.091,-9.1044
11.093,-10.606
11.096,-9.0002
11.1,-8.9743
11.106,-9.6682
11.11,-8.3197
11.112,-10.251
11.112,-9.6367
11.113,-11.066
11.118,-8.6548
11.121,-10.462
11.127,-9.619
11.127,-9.6908
11.127,-10.728
11.13,-9.1778
11.133,-8.5013
11.138,-10.346
11.14,-9.726
11.143,-11.569
11.163,-9.9035
11.165,-8.1962
11.166,-9.2449
11.172,-11.166
11.179,-11.901
11.181,-10.13
11.185,-10.465
11.187,-9.6724
11.205,-8.9025
11.207,-8.582
11.207,-10.3
11.209,-10.636
11.21,-9.2891
11.212,-7.7079
11.218,-10.628
11.223,-11.109
11.226,-8.0149
11.232,-9.8372
11.235,-11.009
11.239,-9.1137
11.245,-9.2003
11.245,-10.224
11.256,-10.383
11.258,-9.1975
11.259,-10.633
11.26,-10.331
11.26,-8.7189
11.26,-9.5028
11.266,-9.3218
11.273,-8.4504
11.285,-10.386
11.288,-10.31
11.303,-10.398
11.304,-8.5398
11.306,-9.4412
11.306,-10.13
11.314,-10.72
11.314,-10.838
11.317,-11.316
11.321,-9.3502
11.324,-11.119
11.34,-9.1887
11.342,-8.9627
11.361,-10.869
11.381,-11.403
11.385,-10.61
11.397,-9.5228
11.399,-11.042
11.402,-9.8018
11.415,-8.6766
11.416,-10.777
11.435,-10.152
11.446,-10.62
11.461,-8.489
11.47,-9.4383
11.474,-9.6316
11.48,-10.439
11.481,-11.427
11.486,-9.077
11.49,-9.4015
11.499,-9.7953
11.512,-10.928
11.515,-11.406
11.519,-10.314
11.527,-10.241
11.539,-9.0986
11.542,-8.7942
11.542,-11.638
11.551,-11.64
11.556,-9.6562
11.556,-10.072
11.558,-10.347
11.56,-10.755
11.578,-10.008
11.58,-9.8929
11.582,-9.7307
11.584,-9.7426
11.585,-8.4769
11.591,-9.8054
11.593,-9.1757
11.598,-10.852
11.602,-8.8948
11.605,-9.9953
11.643,-9.8276
11.65,-9.5276
11.669,-9.7858
11.675,-8.4121
11.678,-9.4293
11.679,-9.6976
11.68,-11.589
11.681,-8.7974
11.692,-10.844
11.697,-9.1974
11.698,-10.446
11.709,-10.698
11.722,-7.9716
11.741,-9.5647
11.749,-9.8361
11.769,-9.4127
11.838,-9.9043
11.871,-7.8444
11.872,-11.133
11.875,-9.6383
11.91,-7.3065
12.002,-11.485
12.032,-8.2269
12.033,-9.3374
12.046,-8.8853
12.062,-9.6781
12.067,-9.6819
12.088,-8.8007
12.098,-8.9765
12.15,-8.9104
12.153,-11.485
12.153,-9.9329
12.176,-10.63
12.19,-10.242
12.19,-10.29
12.251,-9.3965
12.254,-10.119
12.279,-9.3531
12.316,-8.2391
12.326,-9.6818
12.339,-10.851
12.363,-9.3483
12.364,-9.407
12.365,-9.027
12.371,-9.0571
12.395,-9.7612
12.467,-9.3481
12.532,-7.9433
12.539,-10.933
12.596,-8.5844
12.769,-8.9743
12.784,-9.4404
12.845,-10.838
12.871,-10.255
12.933,-10.604
-27.289,0.48508
-27.264,1.0883
-26.902,1.1187
-26.9,-2.7665
-26.795,-0.12269
-26.552,1.3218
-26.547,0.27078
-26.496,0.099854
-26.49,-0.055123
-26.461,0.62323
-26.386,-0.87901
-26.327,-0.51543
-26.316,0.34079
-26.171,1.0884
-26.166,-0.70736
-26.134,1.196
-26.033,1.8836
-26.033,0.27275
-25.975,-1.1937
-25.953,0.81873
-25.953,-0.19546
-25.914,-1.0611
-25.859,-1.0862
-25.836,-0.63839
-25.809,-0.58689
-25.788,1.6582
-25.764,0.32732
-25.746,0.9256
-25.739,0.70061
-25.718,1.1306
-25.683,0.72692
-25.641,-1.3197
-25.56,-1.6952
-25.517,2.5313
-25.439,-1.3319
-25.433,0.39442
-25.406,-0.91629
-25.373,-1.3259
-25.348,0.50242
-25.342,-1.1877
-25.338,0.12752
-25.318,0.5446
-25.262,-0.14739
-25.233,1.2036
-25.23,-0.32593
-25.221,0.61807
-25.212,-0.08275
-25.136,-0.63617
-25.129,-0.52758
-25.087,-0.13489
-25.08,-0.27544
-25.07,-0.093339
-25.067,0.80501
-24.979,-0.50032
-24.977,-0.59199
-24.944,1.0312
-24.925,-0.32825
-24.888,0.79462
-24.854,-1.0208
-24.847,0.10182
-24.792,-0.61251
-24.788,-0.77199
-24.742,-0.37357
-24.736,-0.45126
-24.729,-1.1755
-24.724,0.45902
-24.707,-0.046479
-24.684,-0.44685
-24.674,-0.65091
-24.673,-2.1141
-24.673,0.20128
-24.648,0.53273
-24.585,-0.38062
-24.318,1.1103
-24.316,0.58674
-24.305,0.71053
-24.298,-0.69107
-24.294,0.2074
-24.266,0.32046
-24.241,0.7706
-24.215,0.78372
-24.17,-1.1082
-24.153,0.058986
-24.06,0.088513
-24.057,-0.33282
-23.949,0.51116
-23.84,-0.93345
-23.816,-0.091811
-23.812,-0.31226
-23.726,-0.91669
-23.605,1.8856
-23.503,-1.1357
-23.46,0.82229
-23.268,0.86083
-23.164,0.68436
-23.063,-1.291
-22.956,0.18241
-22.863,-1.7496
-22.806,1.5682
-22.026,1.0613
